1456005749000
1458665932000
1458666774000
1459270405000
1459271668000
1465572067000
1465923310000
1465924595000
1466182562000
1466183182000
1466682484000
1466683768000
1466700744000
1466710282000
1466752198000
1466756890000
1467055249000
1467061585000
1467115991000
1467649507000
1467654345000
1469789837000
1469789838000
1470084012000
1470085211000
1470110417000
1471547740000
1471551336000
1471886137000
1471887930000
1477680344000
1477682138000
1478034971000
1478036747000
1478253716000
1478253717000
1478556013000
1478557256000
1478636911000
1479930481000
1479932164000
1480454163000
1480455947000
1482176744000
1482178560000
1483384610000
1483386355000
1490305533000
1490307350000
1490643938000
1490645737000
1498166146000
1498167941000
1499282199000
1499283936000
1502988337000
1502990151000
1503337542000
1503339356000
1509050737000
1509052536000
1509563774000
1509565541000
1511392549000
1511394334000
1511905538000
1511907353000
1513882023000
1513883758000
1515100566000
1515102334000
1528030609000
1529604294000
1529604295000
1530816748000
1530818316000
1531210835000
1531210836000
1533124703000
1533125914000
1533729280000
1533730448000
1537377021000
1537379629000
1537808717000
1537818994000
1540483938000
1540484930000
1540832610000
1540864688000
1541083424000
1541084466000
1541091575000
1541093924000
1542812973000
1542814832000
1542816188000
1542835695000
1543340481000
1543356102000
1543405699000
1543407484000
1545058782000
1545059858000
1545327838000
1545346394000
1545654414000
1545659072000
1546884770000
1546890171000
1551284182000
1551285514000
1551865412000
1551866638000
1561511021000
1561517130000
1562709773000
1562714640000
1565948132000
1565949256000
1567123168000
1567124905000
1568135724000
1568136085000
1568389958000
1568395326000
1568628284000
1568628352000
1569798085000
1569801610000
1572282582000
1572285461000
1572339773000
1572341748000
1572628171000
1572629035000
1572912219000
1572912946000
1574788014000
1574791768000
1574846758000
1574847552000
1575396554000
1575397801000
1575414531000
1575417590000
1576224566000
1576483670000
1576485634000
1576775491000
1576778947000
1576797077000
1576800542000
1577664332000
1577664741000
1577988286000
1577990312000
1578009903000
1578010464000
1578873737000
1579375805000
1579375806000
1579503729000
1579510463000
1579803331000
1579804372000
1579964688000
1579969627000
1580134768000
1580135724000
1580148821000
1580149786000
1580339086000
1580340088000
1581106208000
1581107030000
1581167051000
1581171952000
1581293168000
1581294423000
1581444392000
1581445288000
1581962891000
1581963683000
1583265980000
1583270836000
1583964098000
1583966100000
1584353228000
1584355813000
1584637609000
1584638487000
1584738415000
1584744774000
1585155715000
1585160831000
1585408393000
1585412652000
1585522932000
1585523681000
1585674244000
1585675272000
1586866605000
1586870874000
1587630127000
1587631003000
1588266740000
1588267373000
1588785297000
1588785752000
1588792036000
1588796935000
1588807134000
1588810505000
1588810584000
1588811918000
1589238353000
1589240827000
1589501295000
1589502496000
1589890541000
1589958158000
1589959412000
1590071073000
1590074890000
1590585693000
1590589728000
1590981322000
1590985375000
1591139022000
1591140329000
1591290319000
1591291271000
1591424199000
1591428294000
1591661459000
1591661460000
1591794079000
1591798708000
1592241310000
1592241686000
1592464060000
1592464336000
1593010807000
1593017576000
1593101084000
1593108098000
1593155636000
1593155898000
1593756003000
1593761080000
1593875200000
1593880117000
1593972139000
1593977277000
1593982854000
1593984406000
1594113477000
1594117131000
1594307094000
1594312179000
1594315166000
1594316069000
1594425806000
1594430546000
1594761251000
1594765702000
1594768815000
1594768935000
1595290953000
1595291358000
1595423578000
1595428065000
1595884588000
1595888875000
1595977314000
1595978619000
1596089674000
1596094302000
1596742088000
1596747192000
1596848554000
1596850337000
1597748908000
1597752194000
1598051457000
1598054983000
1598635411000
1598638969000
1598919506000
1598921420000
1600363224000
1600366891000
1600708301000
1600708978000
1600968026000
1600968126000
1601309200000
1601313680000
1602671313000
1603135505000
1603143644000
1603585215000
1603586135000
1603703854000
1603706988000
1603729242000
1603735497000
1603987461000
1603991248000
1604012531000
1604068868000
1604189298000
1604190811000
1604272114000
1604273054000
1604340761000
1604341676000
1604620904000
1605282771000
1605282772000
1606324184000
1606328840000
1606385012000
1606388574000
1606432312000
1606435240000
1606439198000
1606440330000
1606446840000
1606446950000
1606846357000
1606847049000
1606946991000
1606950420000
1607037125000
1607038841000
1607043642000
1607044207000
1608506107000
1608508826000
1608538075000
1608538344000
1608562822000
1608563140000
1608661017000
1608662049000
1609714813000
1609715188000
1609715743000
1609716338000
1609869777000
1609872585000
1610586108000
1610586310000
1610960541000
1610963491000
1611252350000
1611253277000
1611597936000
1611598886000
1611795921000
1611797115000
1611874917000
1611875727000
1611947243000
1611948928000
1612137734000
1612138899000
1613066645000
1613069951000
1613085063000
1613086538000
1613412456000
1613413380000
1614561032000
1614561306000
1614582405000
1614584812000
1614899010000
1614899462000
1614956866000
1614957041000
1615763554000
1615766783000
1615767026000
1615767605000
1616108500000
1616111724000
1618333714000
1618334298000
1618938744000
1618939159000
1619129484000
1619132720000
1619175778000
1619178626000
1619395236000
1619396711000
1619431883000
1619433668000
1619957344000
1619957532000
1619957610000
1619984743000
1619984809000
1619985143000
1620338413000
1620340516000
1620529533000
1620531404000
1620604941000
1620605362000
1620605776000
1620606009000
1621440862000
1621441536000
1622012707000
1622013615000
1622506037000
1622506517000
1623654058000
1623658036000
1623715236000
1623716109000
1623855724000
1623881410000
1623881652000
1623883223000
1623924357000
1623925825000
1624554068000
1624561114000
1624834854000
1624838805000
1625090465000
1625090914000
1625091313000
1625093423000
1626854741000
1626856618000
1626886991000
1626887912000
1627071024000
1627071910000
1628031710000
1628035290000
1629494047000
1629496894000
1629497118000
1629500123000
1629806696000
1629807949000
1630393778000
1630395112000
1630616504000
1630620724000
1630620908000
1630621520000
1631491459000
1631491545000
1631916109000
1631919661000
1632493561000
1632497727000
1633039952000
1633041318000
1634746048000
1634749936000
1635790126000
1635792572000
1637766297000
1637770857000
1637773679000
1637777451000
1638314679000
1638317771000
1638389823000
1638391851000
1639696007000
1639696027000
1639696816000
1639696844000
1640091649000
1640093452000
1640193953000
1640197614000
1640905236000
1640905394000
1640906705000
1640906745000
1641254809000
1641255341000
1641406039000
1641407322000
1643202086000
1643204544000
1643307978000
1643308578000
1643912161000
1643914535000
1644361890000
1644364829000
1644692529000
1644692625000
1644694598000
1644694858000
1646258447000
1646259176000
1646259192000
1646259312000
1646259397000
1646259479000
1646600806000
1646601107000
1646601317000
1646601375000
